t dt i #Cell(pid) #Cell(All) Wallclocktime(min) CPUtime(min) time(minMPI) time(maxMPI) deltaT
0 3.16783e-05 0 598 3583 0 0.00016675 8.57825e-05 0.000101106 0
0.01 0.00023199 50 797 4780 0.0334621 0.0333795 0.018521 0.0211628 0.0334621
0.02 0.000243902 91 876 5254 0.07109 0.0712393 0.0413039 0.0479676 0.0376279
0.03 0.000243902 132 949 5689 0.101039 0.10094 0.0581834 0.0670094 0.0299488
0.04 0.000243902 173 992 5950 0.133575 0.133471 0.0762016 0.0889326 0.0325359
0.05 0.000243902 214 1024 6142 0.164256 0.165348 0.0943515 0.113659 0.0306814
0.06 0.000243902 255 1064 6379 0.198867 0.203001 0.117511 0.13988 0.0346108
0.07 0.000243902 296 1095 6565 0.266007 0.265868 0.16574 0.190617 0.0671399
0.08 0.000243902 337 1111 6661 0.299883 0.299697 0.183929 0.212167 0.0338758
0.09 0.000243902 378 1128 6766 0.331821 0.331571 0.201127 0.232757 0.0319389
0.1 0.000243902 419 1155 6928 0.375295 0.374997 0.228452 0.268426 0.0434737
0.11 0.000243902 460 1174 7039 0.422687 0.422291 0.254551 0.304024 0.0473922
0.12 0.000243902 501 1192 7147 0.476666 0.478712 0.286693 0.347708 0.0539783
0.13 0.000243902 542 1207 7237 0.54285 0.544778 0.328922 0.402349 0.0661842
0.14 0.000243902 583 1218 7303 0.603928 0.600967 0.361263 0.447036 0.0610776
0.15 0.000243902 624 1230 7375 0.667445 0.664206 0.397372 0.493385 0.0635174
0.16 0.000243902 665 1239 7429 0.73986 0.736616 0.443013 0.546564 0.0724152
0.17 0.000243902 706 1256 7534 0.808 0.804582 0.484001 0.597731 0.0681402
0.18 0.000243902 747 1264 7579 0.872485 0.869718 0.523078 0.641267 0.0644843
0.19 0.000243902 788 1265 7588 0.940951 0.936306 0.561255 0.685525 0.0684659
0.2 0.000243902 829 1273 7633 1.00633 0.999767 0.597083 0.728028 0.0653776
0.21 0.000243902 870 1279 7669 1.06787 1.06133 0.629066 0.770179 0.0615415
0.22 0.000243902 911 1285 7705 1.13014 1.12424 0.663228 0.813524 0.0622672
0.23 0.000243902 952 1293 7756 1.20045 1.19612 0.708026 0.865096 0.0703094
0.24 0.000243902 993 1291 7744 1.26832 1.25892 0.744064 0.909876 0.0678709
0.25 0.000243902 1034 1299 7789 1.32754 1.31818 0.77445 0.948012 0.0592273
0.26 0.000243902 1075 1301 7804 1.3862 1.37704 0.804642 0.986138 0.0586605
0.27 0.000243902 1116 1327 7960 1.44904 1.43961 0.839266 1.02599 0.0628353
0.28 0.000243902 1157 1333 7996 1.51469 1.50511 0.876106 1.07016 0.0656544
0.29 0.000243902 1198 1344 8059 1.57604 1.56646 0.908827 1.1102 0.0613425
0.3 0.000243902 1239 1358 8146 1.63968 1.63333 0.949465 1.15801 0.0636385
0.31 0.000243902 1280 1365 8185 1.70268 1.69071 0.98066 1.1962 0.0630009
0.32 0.000243902 1321 1368 8203 1.77408 1.76203 1.0181 1.247 0.0714039
0.33 0.000243902 1362 1371 8221 1.83544 1.82326 1.04938 1.28724 0.0613567
0.34 0.000243902 1403 1374 8239 1.91946 1.90207 1.10504 1.34452 0.0840186
0.35 0.000243902 1444 1377 8260 1.97821 1.9613 1.1489 1.38483 0.058759
0.36 0.000243902 1485 1366 8191 2.04107 2.01998 1.18164 1.42845 0.0628522
0.37 0.000243902 1526 1360 8158 2.09658 2.07624 1.21089 1.4687 0.0555164
0.38 0.000243902 1567 1363 8173 2.16214 2.13658 1.24629 1.51917 0.0655523
0.39 0.000243902 1608 1369 8212 2.21691 2.19113 1.27315 1.55466 0.0547791
0.4 0.000243902 1649 1386 8311 2.27175 2.24573 1.3004 1.59119 0.0548379
0.41 0.000243902 1690 1385 8308 2.33122 2.30159 1.33257 1.63159 0.0594651
0.42 0.000243902 1731 1395 8368 2.38609 2.35655 1.36052 1.66757 0.0548753
0.43 0.000243902 1772 1388 8326 2.44404 2.41413 1.39548 1.70865 0.0579486
0.44 0.000243902 1813 1390 8335 2.48903 2.45918 1.419 1.73681 0.0449895
0.45 0.000243902 1854 1381 8284 2.53023 2.5003 1.44064 1.76201 0.0411961
0.46 0.000243902 1895 1383 8293 2.57237 2.54513 1.46355 1.79201 0.0421461
0.47 0.000243902 1936 1385 8305 2.61722 2.58718 1.48556 1.82103 0.0448492
0.48 0.000243902 1977 1389 8332 2.65481 2.62673 1.50465 1.84726 0.0375828
0.49 0.000243902 2018 1393 8356 2.69081 2.66051 1.52031 1.86915 0.0360051
0.5 0.000243902 2059 1405 8428 2.73968 2.70135 1.55145 1.90715 0.0488724
0.51 0.000243902 2100 1403 8413 2.76838 2.72995 1.565 1.92561 0.0286992
0.52 0.000243902 2141 1400 8395 2.80183 2.76328 1.58082 1.94731 0.0334512
0.53 0.000243902 2182 1391 8341 2.8319 2.79412 1.59669 1.96805 0.0300627
0.54 0.000243902 2223 1396 8374 2.86434 2.82695 1.61346 1.99011 0.0324468
0.55 0.000243902 2264 1400 8398 2.91293 2.87168 1.64144 2.02404 0.0485908
0.56 0.000243902 2305 1416 8494 2.94768 2.90523 1.66305 2.04522 0.034744
0.57 0.000243902 2346 1421 8521 2.98657 2.94637 1.68603 2.07371 0.0388918
0.58 0.000243902 2387 1415 8488 3.0198 2.97718 1.70525 2.09353 0.0332325
0.59 0.000243902 2428 1415 8485 3.07101 3.02126 1.74456 2.13364 0.0512099
0.6 0.000243902 2469 1422 8530 3.10631 3.05468 1.76317 2.15696 0.035294
0.61 0.000243902 2510 1422 8527 3.14042 3.08881 1.77959 2.17947 0.0341164
0.62 0.000243902 2551 1422 8527 3.17529 3.12344 1.79664 2.20028 0.0348652
0.63 0.000243902 2592 1423 8536 3.20894 3.15861 1.81569 2.22716 0.033651
0.64 0.000243902 2633 1433 8596 3.2543 3.19779 1.84069 2.25849 0.0453651
0.65 0.000243902 2674 1425 8545 3.29178 3.23503 1.85906 2.28063 0.0374804
0.66 0.000243902 2715 1433 8596 3.33091 3.27396 1.88014 2.3032 0.039129
0.67 0.000243902 2756 1427 8560 3.36909 3.31201 1.90083 2.32716 0.038175
0.68 0.000243902 2797 1433 8593 3.40487 3.34779 1.91828 2.34838 0.0357823
0.69 0.000243902 2838 1427 8557 3.4365 3.37932 1.93325 2.36796 0.0316257
0.7 0.000243902 2879 1433 8596 3.47873 3.42134 1.95727 2.39591 0.0422356
0.71 0.000243902 2920 1435 8605 3.5104 3.45484 1.97523 2.41659 0.0316655
0.72 0.000243902 2961 1431 8581 3.54617 3.48854 1.99271 2.43731 0.0357745
0.73 0.000243902 3002 1438 8626 3.57802 3.52028 2.00911 2.45602 0.0318471
0.74 0.000243902 3043 1442 8647 3.60952 3.5564 2.03444 2.48386 0.0314975
0.75 0.000243902 3084 1439 8629 3.65369 3.59244 2.0546 2.50712 0.0441719
0.76 0.000243902 3125 1445 8665 3.70116 3.6423 2.08695 2.54397 0.0474758
0.77 0.000243902 3166 1454 8722 3.74661 3.68284 2.1114 2.57254 0.0454451
0.78 0.000243902 3207 1455 8725 3.78033 3.71646 2.12872 2.59454 0.0337232
0.79 0.000243902 3248 1464 8779 3.81512 3.75269 2.14691 2.61779 0.0347898
0.8 0.000243902 3289 1462 8767 3.8505 3.78645 2.16418 2.64011 0.0353737
0.81 0.000243902 3330 1459 8752 3.88373 3.81973 2.17944 2.66049 0.0332369
0.82 0.000243902 3371 1471 8821 3.92193 3.85774 2.20097 2.68518 0.0382004
0.83 0.000243902 3412 1470 8815 3.95803 3.89338 2.21986 2.70829 0.0360924
0.84 0.000243902 3453 1475 8848 3.99072 3.92602 2.23507 2.72779 0.0326985
0.85 0.000243902 3494 1477 8857 4.02623 3.96212 2.2551 2.74997 0.0355042
0.86 0.000243902 3535 1459 8749 4.05827 3.9931 2.26934 2.76886 0.0320381
0.87 0.000243902 3576 1482 8890 4.12083 4.05739 2.31711 2.81468 0.0625661
0.88 0.000243902 3617 1489 8929 4.16165 4.09596 2.33946 2.83871 0.0408207
0.89 0.000243902 3658 1495 8968 4.1954 4.13053 2.35641 2.86491 0.0337454
0.9 0.000243902 3699 1498 8983 4.2313 4.16542 2.37358 2.8895 0.0358988
0.91 0.000243902 3740 1486 8914 4.27374 4.20783 2.40178 2.92258 0.0424477
0.92 0.000243902 3781 1502 9010 4.32381 4.25486 2.43144 2.95074 0.0500643
0.93 0.000243902 3822 1513 9073 4.35898 4.28911 2.45029 2.97603 0.0351737
0.94 0.000243902 3863 1519 9109 4.39432 4.32375 2.46719 2.99733 0.0353419
0.95 0.000243902 3904 1519 9112 4.43785 4.35263 2.49421 3.02681 0.0435265
0.96 8.58175e-05 3980 1511 9064 4.50984 4.42285 2.52971 3.07254 0.0719854
0.97 8.69565e-05 4095 1523 9136 4.63831 4.55064 2.60128 3.16928 0.128474
0.98 8.69565e-05 4210 1535 9208 4.74247 4.65469 2.64608 3.24707 0.10416
0.99 8.69565e-05 4325 1536 9214 4.86561 4.77481 2.7094 3.33951 0.123136
1 8.69565e-05 4440 1533 9193 4.97072 4.88186 2.76159 3.40497 0.105116
1.01 8.69565e-05 4555 1531 9181 5.0797 4.98745 2.8129 3.47086 0.108983
1.02 8.69565e-05 4670 1544 9259 5.19946 5.09457 2.8741 3.54645 0.119759
1.03 8.69565e-05 4785 1547 9280 5.30644 5.20466 2.93615 3.61465 0.106975
1.04 8.69565e-05 4900 1547 9280 5.42077 5.31707 2.98585 3.68565 0.11433
1.05 8.69565e-05 5015 1539 9229 5.55941 5.45426 3.06589 3.77995 0.138637
1.06 8.69565e-05 5130 1555 9328 5.6662 5.56094 3.12664 3.84196 0.106799
1.07 8.69565e-05 5245 1568 9403 5.77147 5.66608 3.17531 3.91164 0.105271
1.08 8.69565e-05 5360 1576 9451 5.87621 5.77074 3.22422 3.97009 0.104733
1.09 8.69565e-05 5475 1563 9373 5.99403 5.88304 3.28401 4.0405 0.117825
1.1 8.69565e-05 5590 1562 9367 6.09752 5.98659 3.33319 4.09699 0.103492
1.11 8.69565e-05 5705 1569 9412 6.20185 6.09081 3.38291 4.15434 0.104325
1.12 8.69565e-05 5820 1564 9382 6.30777 6.19646 3.43311 4.21043 0.105917
1.13 3.02457e-05 5950 1569 9412 6.43221 6.32147 3.49076 4.27813 0.124442
1.14 3.07692e-05 6275 1560 9358 6.78671 6.67156 3.68556 4.48593 0.354504
1.15 3.07692e-05 6600 1560 9358 7.12729 7.00304 3.85441 4.71238 0.340578
1.16 3.07692e-05 6925 1564 9379 7.52228 7.39774 4.06617 4.97078 0.394985
1.17 3.07692e-05 7250 1570 9418 7.92589 7.80077 4.26006 5.21789 0.403618
1.18 3.07692e-05 7575 1561 9361 8.28679 8.1638 4.42956 5.43691 0.360902
1.19 3.07692e-05 7900 1559 9349 8.64638 8.52331 4.6 5.64885 0.359582
1.2 3.07692e-05 8225 1571 9421 9.00438 8.87826 4.78044 5.86651 0.358007
1.21 3.07692e-05 8550 1575 9448 9.3208 9.19441 4.93023 6.07908 0.316413
1.22 3.07692e-05 8875 1577 9457 9.62777 9.50229 5.08753 6.27417 0.306977
1.23 3.07692e-05 9200 1565 9388 9.94487 9.81677 5.25072 6.4645 0.3171
1.24 3.07692e-05 9525 1553 9313 10.261 10.1338 5.41708 6.67277 0.316144
1.25 3.07692e-05 9850 1556 9334 10.5954 10.4671 5.59258 6.89761 0.334352
1.26 3.07692e-05 10175 1555 9325 10.9248 10.7958 5.76696 7.11917 0.329413
1.27 3.07692e-05 10500 1544 9259 11.2719 11.1298 5.97996 7.33752 0.347117
1.28 3.07692e-05 10825 1534 9199 11.59 11.4474 6.16967 7.52711 0.318105
1.29 3.07692e-05 11150 1520 9118 11.8776 11.7368 6.31235 7.69827 0.287599
1.3 3.07692e-05 11475 1523 9133 12.2087 12.057 6.50996 7.91016 0.331138
1.31 3.07692e-05 11800 1510 9058 12.543 12.3885 6.67505 8.1132 0.334263
1.32 3.07692e-05 12125 1509 9052 12.8496 12.6959 6.8294 8.31692 0.306596
1.33 3.07692e-05 12450 1489 8929 13.1652 13.0093 6.98604 8.50822 0.315645
1.34 3.07692e-05 12775 1485 8908 13.4931 13.3373 7.15851 8.74072 0.327882
1.35 3.07692e-05 13100 1479 8872 13.7969 13.6408 7.34923 8.92612 0.303724
1.36 3.07692e-05 13425 1474 8842 14.1107 13.9545 7.51228 9.11569 0.313806
1.37 3.07692e-05 13750 1482 8887 14.445 14.2846 7.68488 9.37212 0.334331
1.38 3.07692e-05 14075 1488 8923 14.7569 14.596 7.84173 9.56669 0.311925
1.39 3.07692e-05 14400 1473 8836 15.11 14.9371 8.05064 9.80091 0.353129
1.4 3.07692e-05 14725 1475 8848 15.4309 15.259 8.21043 10.0154 0.320904
1.41 3.07692e-05 15050 1486 8914 15.7416 15.5669 8.36014 10.2118 0.310699
1.42 3.07692e-05 15375 1488 8926 16.0453 15.8705 8.50539 10.3952 0.30365
1.43 3.07692e-05 15700 1478 8863 16.341 16.1662 8.64216 10.5836 0.29572
1.44 3.07692e-05 16025 1484 8899 16.6646 16.4813 8.80752 10.7801 0.323557
1.45 3.07692e-05 16350 1482 8890 16.9642 16.78 8.96814 10.9563 0.299667
1.46 3.07692e-05 16675 1479 8872 17.2701 17.0842 9.14636 11.1601 0.305887
1.47 3.07692e-05 17000 1481 8884 17.589 17.3911 9.32751 11.3461 0.318849
1.48 3.07692e-05 17325 1478 8863 17.9036 17.7054 9.48223 11.5316 0.314622
1.49 3.07692e-05 17650 1481 8884 18.2141 18.0185 9.63988 11.7145 0.310474
1.5 3.07692e-05 17975 1480 8875 18.5203 18.3223 9.78735 11.8862 0.306274
1.51 3.07692e-05 18300 1486 8911 18.818 18.6193 9.92805 12.0489 0.297653
1.52 3.07692e-05 18625 1487 8920 19.1283 18.9318 10.0845 12.2292 0.310335
1.53 3.07692e-05 18950 1490 8938 19.4313 19.2339 10.2284 12.4026 0.302942
1.54 3.07692e-05 19275 1492 8947 19.7485 19.5308 10.3851 12.5865 0.317274
1.55 3.07692e-05 19600 1496 8974 20.0542 19.8371 10.5374 12.7606 0.305606
1.56 3.07692e-05 19925 1498 8983 20.3595 20.1407 10.6877 12.9365 0.305331
1.57 3.07692e-05 20250 1497 8980 20.6637 20.4423 10.828 13.1062 0.304235
1.58 3.07692e-05 20575 1495 8968 20.9693 20.7388 10.9781 13.2832 0.30558
1.59 3.07692e-05 20900 1500 8998 21.2711 21.039 11.1181 13.4665 0.301763
1.6 3.07692e-05 21225 1502 9010 21.5706 21.3321 11.2687 13.664 0.299577
1.61 3.07692e-05 21550 1507 9037 21.8723 21.6337 11.4262 13.8726 0.301612
1.62 3.07692e-05 21875 1504 9022 22.175 21.9367 11.5757 14.0701 0.302712
1.63 3.07692e-05 22200 1509 9049 22.4665 22.2279 11.7213 14.2451 0.291578
1.64 3.07692e-05 22525 1516 9094 22.7816 22.5349 11.8987 14.4427 0.315084
1.65 3.07692e-05 22850 1517 9097 23.08 22.8326 12.0382 14.6129 0.298405
1.66 3.07692e-05 23175 1518 9106 23.4214 23.1746 12.202 14.8203 0.341366
1.67 3.07692e-05 23500 1526 9154 23.8773 23.6292 12.4279 15.0826 0.455858
1.68 3.07692e-05 23825 1529 9172 24.271 24.0199 12.6207 15.3089 0.393724
1.69 3.07692e-05 24150 1531 9181 24.6317 24.3803 12.8061 15.5387 0.360708
1.7 3.07692e-05 24475 1536 9214 25.039 24.7755 13.0246 15.7799 0.407342
1.71 3.07692e-05 24800 1542 9250 25.4385 25.1745 13.2243 16.0695 0.399518
1.72 3.07692e-05 25125 1547 9277 25.8464 25.5814 13.4185 16.3199 0.407827
1.73 3.07692e-05 25450 1563 9376 26.2543 25.9888 13.6144 16.5825 0.407964
1.74 3.07692e-05 25775 1570 9418 26.6841 26.4162 13.8244 16.8564 0.429771
1.75 3.07692e-05 26100 1581 9481 27.1324 26.8641 14.0418 17.1413 0.448278
1.76 3.07692e-05 26425 1586 9514 27.5528 27.2841 14.2452 17.411 0.420381
1.77 3.07692e-05 26750 1588 9526 28.0053 27.7362 14.4684 17.6952 0.452496
1.78 3.07692e-05 27075 1598 9586 28.4489 28.1783 14.6944 17.9791 0.443621
1.79 3.07692e-05 27400 1602 9610 28.8889 28.6182 14.9105 18.2616 0.440063
1.8 3.07692e-05 27725 1601 9601 29.2961 29.0253 15.1039 18.535 0.407142
1.81 3.07692e-05 28050 1609 9649 29.7095 29.4427 15.3231 18.8128 0.413371
1.82 3.07692e-05 28375 1605 9628 30.1153 29.8427 15.5208 19.0776 0.405794
1.83 3.07692e-05 28700 1600 9598 30.5209 30.2482 15.758 19.3441 0.405681
1.84 3.07692e-05 29025 1611 9661 30.9079 30.6388 15.9585 19.5935 0.387004
1.85 3.07692e-05 29350 1611 9664 31.2591 30.9862 16.1191 19.8066 0.351159
1.86 3.07692e-05 29675 1611 9661 31.5943 31.3212 16.2778 20.014 0.335211
1.87 3.07692e-05 30000 1603 9616 31.9176 31.6444 16.4289 20.2134 0.323255
1.88 3.07692e-05 30325 1599 9592 32.2431 31.9678 16.5813 20.4161 0.325536
1.89 3.07692e-05 30650 1603 9616 32.5655 32.2894 16.7355 20.6107 0.322395
1.9 3.07692e-05 30975 1607 9640 32.9165 32.6419 16.9251 20.8891 0.351038
1.91 3.07692e-05 31300 1605 9625 33.2621 32.9828 17.0917 21.1235 0.345532
1.92 3.07692e-05 31625 1605 9628 33.6155 33.3359 17.2645 21.3739 0.353387
1.93 3.07692e-05 31950 1593 9556 33.9452 33.6674 17.4331 21.579 0.329768
1.94 3.07692e-05 32275 1589 9532 34.2755 33.9923 17.5972 21.7785 0.330269
1.95 3.07692e-05 32600 1583 9493 34.5987 34.3194 17.7607 21.9882 0.323187
1.96 3.07692e-05 32925 1581 9484 34.9273 34.6428 17.9211 22.1961 0.328605
1.97 3.07692e-05 33250 1578 9463 35.2438 34.9595 18.0785 22.3919 0.316488
1.98 3.07692e-05 33575 1575 9445 35.5428 35.2612 18.2291 22.6066 0.299037
1.99 3.07692e-05 33900 1566 9394 35.8511 35.5656 18.3768 22.8014 0.308321
2 3.07692e-05 34225 1561 9361 36.1694 35.8836 18.5286 22.9871 0.31824
2.01 3.07692e-05 34550 1556 9331 36.5682 36.2825 18.7231 23.2243 0.398874
2.02 3.07692e-05 34875 1548 9283 36.9951 36.7095 18.9325 23.4777 0.42681
2.03 3.07692e-05 35200 1545 9265 37.4984 37.2125 19.1798 23.779 0.503326
2.04 3.07692e-05 35525 1551 9301 37.8828 37.5969 19.3576 24.001 0.384416
2.05 3.07692e-05 35850 1540 9238 38.3052 38.0198 19.5588 24.2513 0.422432
2.06 3.07692e-05 36175 1544 9262 38.69 38.404 19.7415 24.4929 0.384727
2.07 3.07692e-05 36500 1535 9205 39.1076 38.8219 19.9408 24.7738 0.41768
2.08 3.07692e-05 36825 1534 9199 39.5356 39.2487 20.1473 25.0678 0.427923
2.09 3.07692e-05 37150 1529 9172 39.9597 39.6726 20.3502 25.3237 0.424095
2.1 3.07692e-05 37475 1526 9154 40.3782 40.0909 20.5475 25.5719 0.418502
2.11 3.07692e-05 37800 1522 9130 40.7075 40.4198 20.7051 25.807 0.329298
2.12 3.07692e-05 38125 1520 9115 41.0595 40.7665 20.9029 26.0367 0.352026
2.13 3.07692e-05 38450 1520 9115 41.397 41.1014 21.0623 26.239 0.337562
2.14 3.07692e-05 38775 1522 9127 41.7604 41.4634 21.2646 26.4735 0.363348
2.15 3.07692e-05 39100 1523 9136 42.1121 41.815 21.4363 26.68 0.351758
2.16 3.07692e-05 39425 1510 9058 42.5171 42.2097 21.6762 26.9233 0.404995
2.17 3.07692e-05 39750 1508 9043 42.921 42.6051 21.8732 27.1815 0.403886
2.18 3.07692e-05 40075 1492 8947 43.3289 43.0126 22.0693 27.4332 0.407846
2.19 3.07692e-05 40400 1474 8842 43.7549 43.4384 22.2735 27.6997 0.426011
2.2 3.07692e-05 40725 1469 8812 44.1899 43.8735 22.4905 27.9766 0.435047
2.21 3.07692e-05 41050 1462 8767 44.6545 44.3321 22.7256 28.2891 0.46453
2.22 3.07692e-05 41375 1453 8716 45.1208 44.7984 22.9601 28.5932 0.46636
2.23 3.07692e-05 41700 1450 8695 45.6409 45.3032 23.2157 28.9246 0.520045
2.24 3.07692e-05 42025 1442 8647 46.1457 45.808 23.4583 29.2398 0.504831
2.25 8.55879e-05 42208 1433 8596 46.4063 46.0685 23.5883 29.4068 0.26064
2.26 8.69565e-05 42323 1428 8566 46.5472 46.2088 23.6598 29.4962 0.140905
2.27 8.69565e-05 42438 1424 8542 46.6761 46.3374 23.7271 29.5752 0.128819
2.28 8.69565e-05 42553 1420 8515 46.8138 46.4749 23.7981 29.6636 0.13778
2.29 8.69565e-05 42668 1410 8458 46.9537 46.6147 23.8662 29.7518 0.139846
2.3 8.69565e-05 42783 1399 8389 47.102 46.7626 23.9423 29.8462 0.148268
2.31 8.69565e-05 42898 1393 8356 47.2496 46.9103 24.0152 29.9416 0.147691
2.32 8.69565e-05 43013 1391 8344 47.3849 47.0454 24.0804 30.0403 0.135259
2.33 8.69565e-05 43128 1405 8428 47.5238 47.1842 24.148 30.1384 0.138939
2.34 8.69565e-05 43243 1396 8371 47.6608 47.3211 24.217 30.2333 0.136945
2.35 8.69565e-05 43358 1386 8311 47.7964 47.4563 24.2877 30.3195 0.135576
2.36 8.69565e-05 43473 1391 8344 47.9633 47.623 24.3774 30.4213 0.166978
